Noisy 3-spin GHZ states (Figure 8 a)

Measurement rule: Spherical harmonics up to degree D=5
Different hyper parameters depending on the visibility:
visibility ranges: v <= 0.468 or v >= 0.497 / 0.469 <= v <= 0.493
N_hidden = 2^14 / 6e4
N_measures = 2^10
N_measures_test = 2^14
N_steps = 2e5 / 5e5 + N_steps_ft
N_steps_ft = 1e3
learning_rate = 2e-5 / 3e-5 * N_hidden

visibilities: 0.000000000000000000e+00 5.025125574320554733e-03 1.005025114864110947e-02 1.507537625730037689e-02 2.010050229728221893e-02 2.512562833726406097e-02 3.015075251460075378e-02 3.517587855458259583e-02 4.020100459456443787e-02 4.522613063454627991e-02 5.025125667452812195e-02 5.527638271450996399e-02 6.030150502920150757e-02 6.532663106918334961e-02 7.035175710916519165e-02 7.537688314914703369e-02 8.040200918912887573e-02 8.542713522911071777e-02 9.045226126909255981e-02 9.547738730907440186e-02 1.005025133490562439e-01 1.055276393890380859e-01 1.105527654290199280e-01 1.155778914690017700e-01 1.206030100584030151e-01 1.256281435489654541e-01 1.306532621383666992e-01 1.356783956289291382e-01 1.407035142183303833e-01 1.457286477088928223e-01 1.507537662982940674e-01 1.557788997888565063e-01 1.608040183782577515e-01 1.658291369676589966e-01 1.708542704582214355e-01 1.758793890476226807e-01 1.809045225381851196e-01 1.859296411275863647e-01 1.909547746181488037e-01 1.959798932075500488e-01 2.010050266981124878e-01 2.060301452875137329e-01 2.110552787780761719e-01 2.160803973674774170e-01 2.211055308580398560e-01 2.261306494474411011e-01 2.311557829380035400e-01 2.361809015274047852e-01 2.412060201168060303e-01 2.462311536073684692e-01 2.512562870979309082e-01 2.562814056873321533e-01 2.613065242767333984e-01 2.663316428661346436e-01 2.713567912578582764e-01 2.763819098472595215e-01 2.814070284366607666e-01 2.864321470260620117e-01 2.914572954177856445e-01 2.964824140071868896e-01 3.015075325965881348e-01 3.065326511859893799e-01 3.115577995777130127e-01 3.165829181671142578e-01 3.216080367565155029e-01 3.266331553459167480e-01 3.316582739353179932e-01 3.366834223270416260e-01 3.417085409164428711e-01 3.467336595058441162e-01 3.517587780952453613e-01 3.567839264869689941e-01 3.618090450763702393e-01 3.668341636657714844e-01 3.718592822551727295e-01 3.768844306468963623e-01 3.819095492362976074e-01 3.869346678256988525e-01 3.919597864151000977e-01 3.969849348068237305e-01 4.020100533962249756e-01 4.070351719856262207e-01 4.120602905750274658e-01 4.170854091644287109e-01 4.221105575561523438e-01 4.271356761455535889e-01 4.321607947349548340e-01 4.371859133243560791e-01 4.422110617160797119e-01 4.472361803054809570e-01 4.522612988948822021e-01 4.572864174842834473e-01 4.623115658760070801e-01 4.673366844654083252e-01 4.698492288589477539e-01 4.723618328571319580e-01 4.748743772506713867e-01 4.773869514465332031e-01 4.798995256423950195e-01 4.824120402336120605e-01 4.849246740341186523e-01 4.874371886253356934e-01 4.899497330188751221e-01 4.924623072147369385e-01 4.974874258041381836e-01 5.025125741958618164e-01 5.075376629829406738e-01 5.125628113746643066e-01 5.175879597663879395e-01 5.226130485534667969e-01 5.276381969451904297e-01 5.326632857322692871e-01 5.376884341239929199e-01 5.427135825157165527e-01 5.477386713027954102e-01 5.527638196945190430e-01 5.577889680862426758e-01 5.628140568733215332e-01 5.678392052650451660e-01 5.728642940521240234e-01 5.778894424438476562e-01 5.829145908355712891e-01 5.879396796226501465e-01 5.929648280143737793e-01 5.979899168014526367e-01 6.030150651931762695e-01 6.080402135848999023e-01 6.130653023719787598e-01 6.180904507637023926e-01 6.231155991554260254e-01 6.281406879425048828e-01 6.331658363342285156e-01 6.381909251213073730e-01 6.432160735130310059e-01 6.482412219047546387e-01 6.532663106918334961e-01 6.582914590835571289e-01 6.633165478706359863e-01 6.683416962623596191e-01 6.733668446540832520e-01 6.783919334411621094e-01 6.834170818328857422e-01 6.884422302246093750e-01 6.934673190116882324e-01 6.984924674034118652e-01 7.035175561904907227e-01 7.085427045822143555e-01 7.135678529739379883e-01 7.185929417610168457e-01 7.236180901527404785e-01 7.286431789398193359e-01 7.336683273315429688e-01 7.386934757232666016e-01 7.437185645103454590e-01 7.487437129020690918e-01 7.537688612937927246e-01 7.587939500808715820e-01 7.638190984725952148e-01 7.688441872596740723e-01 7.738693356513977051e-01 7.788944840431213379e-01 7.839195728302001953e-01 7.889447212219238281e-01 7.939698696136474609e-01 7.989949584007263184e-01 8.040201067924499512e-01 8.090451955795288086e-01 8.140703439712524414e-01 8.190954923629760742e-01 8.241205811500549316e-01 8.291457295417785645e-01 8.341708183288574219e-01 8.391959667205810547e-01 8.442211151123046875e-01 8.492462038993835449e-01 8.542713522911071777e-01 8.592965006828308105e-01 8.643215894699096680e-01 8.693467378616333008e-01 8.743718266487121582e-01 8.793969750404357910e-01 8.844221234321594238e-01 8.894472122192382812e-01 8.944723606109619141e-01 8.994974493980407715e-01 9.045225977897644043e-01 9.095477461814880371e-01 9.145728349685668945e-01 9.195979833602905273e-01 9.246231317520141602e-01 9.296482205390930176e-01 9.346733689308166504e-01 9.396984577178955078e-01 9.447236061096191406e-01 9.497487545013427734e-01 9.547738432884216309e-01 9.597989916801452637e-01 9.648240804672241211e-01 9.698492288589477539e-01 9.748743772506713867e-01 9.798994660377502441e-01 9.849246144294738770e-01 9.899497628211975098e-01 9.949748516082763672e-01 1.000000000000000000e+00
deviations:   1.656803760852199048e-08 2.346377669937282917e-08 2.351887751217418554e-08 2.365230500345205655e-08 2.379076491365594848e-08 2.370443041854741750e-08 2.362817852485932235e-08 2.397811904586433229e-08 2.353711892055798671e-08 2.366175522183766589e-08 2.373284857526414271e-08 2.349842986859584926e-08 2.383037234210405586e-08 2.350982697407744126e-08 2.365046292140959849e-08 2.360051354344250285e-08 2.333163884316036274e-08 2.358620676545797323e-08 2.350826378005876904e-08 2.323542602766792697e-08 2.331831794322170026e-08 2.353143457867190591e-08 2.334335746922988619e-08 2.340402183165224415e-08 2.304273394315714540e-08 2.304170365619029326e-08 2.360292583603040839e-08 2.295347556469096162e-08 2.352791739212989341e-08 2.329383974597476481e-08 2.310018665241386771e-08 2.299925405679914547e-08 2.327324999384927651e-08 2.315263358809716010e-08 2.315487890314216202e-08 2.331518800247067702e-08 2.311254299058873585e-08 2.314257940838615468e-08 2.317201719392869563e-08 2.317882064062359859e-08 2.334416215887813451e-08 2.339868387934984639e-08 2.273143984155012731e-08 2.301397117321357655e-08 2.326108372585622419e-08 2.304441082401353924e-08 2.327951165170816239e-08 2.312868474518836592e-08 2.318111924637378252e-08 2.326075332348409574e-08 2.315465330582355818e-08 2.305522528445180797e-08 2.309152868917863088e-08 2.305201363128617231e-08 2.318417458013755095e-08 2.315768199423473561e-08 2.314377489653907105e-08 2.309737290318025771e-08 2.335051796364950860e-08 2.330837745034841646e-08 2.323641012935695471e-08 2.318403424794723833e-08 2.283279343373578740e-08 2.317469771639935061e-08 2.326515158301845076e-08 2.285369404830817075e-08 2.300602375271409983e-08 2.320758696328084625e-08 2.296593848427619378e-08 2.311495705953348079e-08 2.306198254586888652e-08 2.295028167509371997e-08 2.309707625158807787e-08 2.285950273517300957e-08 2.287432643299780466e-08 2.322819980804524675e-08 2.313806390930039925e-08 2.304015467302633624e-08 2.312902935841520957e-08 2.300292401002934639e-08 2.302374113583027793e-08 2.287538158896040841e-08 2.303607438136623387e-08 2.265316112470827647e-08 2.286626710201744572e-08 2.307783830701737315e-08 2.287624312202751753e-08 2.280058808423746086e-08 2.308933488848197157e-08 2.298896006891482102e-08 2.289664280397119001e-08 2.289304035230088630e-08 2.336609128406053060e-08 2.311301727786485571e-08 2.303717394624982262e-08 2.356280681681255373e-08 2.305697144322493841e-08 2.345987049068298802e-08 2.340959426305744273e-08 2.322243020103087474e-08 2.344746263815977727e-08 2.431185919249401195e-08 2.676490495900907263e-08 3.145117233316341299e-08 1.008588981221691938e-07 1.806354816835664678e-07 3.353723627697036136e-07 6.795693252570345066e-07 1.131729050030116923e-06 1.891131887532537803e-06 3.044571258215000853e-06 4.851342964684590697e-06 6.691474936815211549e-06 9.302508260589092970e-06 1.202656676468905061e-05 1.628960308153182268e-05 2.072516872431151569e-05 2.573389429016970098e-05 3.150917109451256692e-05 3.907014979631640017e-05 4.603419438353739679e-05 5.284245708025991917e-05 6.368836329784244299e-05 7.344730693148449063e-05 8.460543176624923944e-05 9.304838022217154503e-05 1.076039407053031027e-04 1.186568115372210741e-04 1.344758929917588830e-04 1.468554255552589893e-04 1.645116426516324282e-04 1.758714206516742706e-04 2.026729343924671412e-04 2.162226592190563679e-04 2.451940672472119331e-04 2.588346251286566257e-04 2.841931418515741825e-04 3.011901280842721462e-04 3.396521206013858318e-04 3.495390410535037518e-04 3.775592776946723461e-04 4.060027713421732187e-04 4.399548633955419064e-04 4.680948914028704166e-04 4.939663922414183617e-04 5.259687313809990883e-04 5.689449608325958252e-04 5.981816211715340614e-04 6.327410228550434113e-04 6.664969259873032570e-04 7.110262522473931313e-04 7.513136370107531548e-04 7.939217612147331238e-04 8.115157252177596092e-04 8.577731205150485039e-04 9.129908285103738308e-04 9.728852310217916965e-04 1.006515696644783020e-03 1.068757032044231892e-03 1.110809855163097382e-03 1.150878146290779114e-03 1.226411433890461922e-03 1.273428089916706085e-03 1.351383514702320099e-03 1.396613661199808121e-03 1.461152685806155205e-03 1.525553641840815544e-03 1.609683735296130180e-03 1.648886827751994133e-03 1.729316310957074165e-03 1.819104189053177834e-03 1.879678806290030479e-03 1.942215953022241592e-03 2.024074783548712730e-03 2.069631591439247131e-03 2.146849408745765686e-03 2.286916598677635193e-03 2.347379922866821289e-03 2.409228123724460602e-03 2.521695103496313095e-03 2.628359943628311157e-03 2.711453475058078766e-03 2.776430919766426086e-03 2.924820873886346817e-03 2.922998275607824326e-03 3.105431795120239258e-03 3.134679980576038361e-03 3.316436195746064186e-03 3.389391116797924042e-03 3.504222724586725235e-03 3.612081054598093033e-03 3.802571445703506470e-03 3.903775475919246674e-03 3.983711823821067810e-03 3.985880408436059952e-03 4.266941919922828674e-03 4.325920715928077698e-03 4.569821991026401520e-03 4.621791187673807144e-03 4.754317458719015121e-03 4.996223375201225281e-03 5.075497552752494812e-03 5.218955222517251968e-03 5.321256350725889206e-03 5.571334622800350189e-03


----------
Noisy 3-spin W states (Figure 8 b)

Measurement rule: Spherical harmonics up to degree D=5
Different hyper parameters depending on the visibility:
visibility ranges: v <= 0.498 or v >= 0.532 / 0.500 <= v <= 0.528
N_hidden = 2^14 / 6e4
N_measures = 2^10
N_measures_test = 2^14
N_steps = 2e5 / 5e5 + N_steps_ft
N_steps_ft = 1e3
learning_rate = 2e-5 / 3e-5 * N_hidden

visibilities: 0.000000000000000000e+00 5.025125574320554733e-03 1.005025114864110947e-02 1.507537625730037689e-02 2.010050229728221893e-02 2.512562833726406097e-02 3.015075251460075378e-02 3.517587855458259583e-02 4.020100459456443787e-02 4.522613063454627991e-02 5.025125667452812195e-02 5.527638271450996399e-02 6.030150502920150757e-02 6.532663106918334961e-02 7.035175710916519165e-02 7.537688314914703369e-02 8.040200918912887573e-02 8.542713522911071777e-02 9.045226126909255981e-02 9.547738730907440186e-02 1.005025133490562439e-01 1.055276393890380859e-01 1.105527654290199280e-01 1.155778914690017700e-01 1.206030100584030151e-01 1.256281435489654541e-01 1.306532621383666992e-01 1.356783956289291382e-01 1.407035142183303833e-01 1.457286477088928223e-01 1.507537662982940674e-01 1.557788997888565063e-01 1.608040183782577515e-01 1.658291369676589966e-01 1.708542704582214355e-01 1.758793890476226807e-01 1.809045225381851196e-01 1.859296411275863647e-01 1.909547746181488037e-01 1.959798932075500488e-01 2.010050266981124878e-01 2.060301452875137329e-01 2.110552787780761719e-01 2.160803973674774170e-01 2.211055308580398560e-01 2.261306494474411011e-01 2.311557829380035400e-01 2.361809015274047852e-01 2.412060201168060303e-01 2.462311536073684692e-01 2.512562870979309082e-01 2.562814056873321533e-01 2.613065242767333984e-01 2.663316428661346436e-01 2.713567912578582764e-01 2.763819098472595215e-01 2.814070284366607666e-01 2.864321470260620117e-01 2.914572954177856445e-01 2.964824140071868896e-01 3.015075325965881348e-01 3.065326511859893799e-01 3.115577995777130127e-01 3.165829181671142578e-01 3.216080367565155029e-01 3.266331553459167480e-01 3.316582739353179932e-01 3.366834223270416260e-01 3.417085409164428711e-01 3.467336595058441162e-01 3.517587780952453613e-01 3.567839264869689941e-01 3.618090450763702393e-01 3.668341636657714844e-01 3.718592822551727295e-01 3.768844306468963623e-01 3.819095492362976074e-01 3.869346678256988525e-01 3.919597864151000977e-01 3.969849348068237305e-01 4.020100533962249756e-01 4.070351719856262207e-01 4.120602905750274658e-01 4.170854091644287109e-01 4.221105575561523438e-01 4.271356761455535889e-01 4.321607947349548340e-01 4.371859133243560791e-01 4.422110617160797119e-01 4.472361803054809570e-01 4.522612988948822021e-01 4.572864174842834473e-01 4.623115658760070801e-01 4.673366844654083252e-01 4.723618030548095703e-01 4.773869216442108154e-01 4.824120402336120605e-01 4.874371886253356934e-01 4.924623072147369385e-01 4.974874258041381836e-01 5.000000000000000000e-01 5.025125741958618164e-01 5.050251483917236328e-01 5.075377225875854492e-01 5.100502967834472656e-01 5.125628113746643066e-01 5.150753855705261230e-01 5.175879597663879395e-01 5.201005339622497559e-01 5.226130485534667969e-01 5.251256227493286133e-01 5.276381969451904297e-01 5.326632857322692871e-01 5.376884341239929199e-01 5.427135825157165527e-01 5.477386713027954102e-01 5.527638196945190430e-01 5.577889680862426758e-01 5.628140568733215332e-01 5.678392052650451660e-01 5.728642940521240234e-01 5.778894424438476562e-01 5.829145908355712891e-01 5.879396796226501465e-01 5.929648280143737793e-01 5.979899168014526367e-01 6.030150651931762695e-01 6.080402135848999023e-01 6.130653023719787598e-01 6.180904507637023926e-01 6.231155991554260254e-01 6.281406879425048828e-01 6.331658363342285156e-01 6.381909251213073730e-01 6.432160735130310059e-01 6.482412219047546387e-01 6.532663106918334961e-01 6.582914590835571289e-01 6.633165478706359863e-01 6.683416962623596191e-01 6.733668446540832520e-01 6.783919334411621094e-01 6.834170818328857422e-01 6.884422302246093750e-01 6.934673190116882324e-01 6.984924674034118652e-01 7.035175561904907227e-01 7.085427045822143555e-01 7.135678529739379883e-01 7.185929417610168457e-01 7.236180901527404785e-01 7.286431789398193359e-01 7.336683273315429688e-01 7.386934757232666016e-01 7.437185645103454590e-01 7.487437129020690918e-01 7.537688612937927246e-01 7.587939500808715820e-01 7.638190984725952148e-01 7.688441872596740723e-01 7.738693356513977051e-01 7.788944840431213379e-01 7.839195728302001953e-01 7.889447212219238281e-01 7.939698696136474609e-01 7.989949584007263184e-01 8.040201067924499512e-01 8.090451955795288086e-01 8.140703439712524414e-01 8.190954923629760742e-01 8.241205811500549316e-01 8.291457295417785645e-01 8.341708183288574219e-01 8.391959667205810547e-01 8.442211151123046875e-01 8.492462038993835449e-01 8.542713522911071777e-01 8.592965006828308105e-01 8.643215894699096680e-01 8.693467378616333008e-01 8.743718266487121582e-01 8.793969750404357910e-01 8.844221234321594238e-01 8.894472122192382812e-01 8.944723606109619141e-01 8.994974493980407715e-01 9.045225977897644043e-01 9.095477461814880371e-01 9.145728349685668945e-01 9.195979833602905273e-01 9.246231317520141602e-01 9.296482205390930176e-01 9.346733689308166504e-01 9.396984577178955078e-01 9.447236061096191406e-01 9.497487545013427734e-01 9.547738432884216309e-01 9.597989916801452637e-01 9.648240804672241211e-01 9.698492288589477539e-01 9.748743772506713867e-01 9.798994660377502441e-01 9.849246144294738770e-01 9.899497628211975098e-01 9.949748516082763672e-01 1.000000000000000000e+00
deviations:   1.656803760852199048e-08 2.353580796921050933e-08 2.341746352385598584e-08 2.362745732398252585e-08 2.372811280793030164e-08 2.353622363671092899e-08 2.342330773785761266e-08 2.364317808201121807e-08 2.362621387419494567e-08 2.363546691697138158e-08 2.360227924214086670e-08 2.383262653893325478e-08 2.355497841222131683e-08 2.359965023401855433e-08 2.348724237322130648e-08 2.346842720157837903e-08 2.332989801345775049e-08 2.367229789967950637e-08 2.331409731937128527e-08 2.296764023412833922e-08 2.329295334391190408e-08 2.326181913758773590e-08 2.323920789137901011e-08 2.328332193712867593e-08 2.333633908335741580e-08 2.333355553219007561e-08 2.335190885105475900e-08 2.306204649471510493e-08 2.329473502982182254e-08 2.341627869384410587e-08 2.330251902549207443e-08 2.321441172625782201e-08 2.314395608493668988e-08 2.281286803906823479e-08 2.343355909317779151e-08 2.305446145101086586e-08 2.298330592509501002e-08 2.328827619635376323e-08 2.308411772844465304e-08 2.310936864091672760e-08 2.318082970020896028e-08 2.305231383559203096e-08 2.324313896906460286e-08 2.337174009880982339e-08 2.303405821635351458e-08 2.296285295244615554e-08 2.312007119087411411e-08 2.305053037332527310e-08 2.300204471339384327e-08 2.319989533816624316e-08 2.314991576213287772e-08 2.311966795787157025e-08 2.289796086074602499e-08 2.291788447905673820e-08 2.324051706636964809e-08 2.312103930535158725e-08 2.326892634130217630e-08 2.301533896797991474e-08 2.312584967967268312e-08 2.302308743651337863e-08 2.286272859919336042e-08 2.326826376020108000e-08 2.299891299628598063e-08 2.293612055837002117e-08 2.321809766669957753e-08 2.324447478940783185e-08 2.300982515635041636e-08 2.300226320528508950e-08 2.296546419700007391e-08 2.317450586986069538e-08 2.301997525933074940e-08 2.295142387254145433e-08 2.296153667202815996e-08 2.276062360806463403e-08 2.319513470183665049e-08 2.304873447656063945e-08 2.306446056365984987e-08 2.316000546898067114e-08 2.307834634507344163e-08 2.305551838333030901e-08 2.294639500632911222e-08 2.304805235553430975e-08 2.306132884655198723e-08 2.317205805013600184e-08 2.309351287976824096e-08 2.299106327541267092e-08 2.290941125693279901e-08 2.285960221115601598e-08 2.297419143815204734e-08 2.320170722214243142e-08 2.322166636758993263e-08 2.293207757020354620e-08 2.330119741600356065e-08 2.302832413647593057e-08 2.337506543881318066e-08 2.341684179896219575e-08 2.322411241095778678e-08 2.361937312400641531e-08 2.367669793557070079e-08 2.383296404673274083e-08 2.393928255628452462e-08 2.380147279268385319e-08 2.380768648890807526e-08 2.379676011798892432e-08 2.376435404016774555e-08 2.444876834317710745e-08 2.464180681727157207e-08 2.530889275931258453e-08 2.666828891051409300e-08 3.143060922639051569e-08 4.419756649554074102e-08 7.943516777686454589e-08 4.009224880974215921e-07 8.590715196987730451e-07 1.622605850570835173e-06 2.759224571491358802e-06 4.393308699945919216e-06 6.527022833324735984e-06 9.054750989889726043e-06 1.220863032358465716e-05 1.606133264431264251e-05 2.042010964942164719e-05 2.539971683290787041e-05 3.050548184546642005e-05 3.733137418748810887e-05 4.387820808915421367e-05 5.101661736262030900e-05 5.895607682759873569e-05 6.732261681463569403e-05 8.126247848849743605e-05 9.214607416652143002e-05 1.025335659505799413e-04 1.127998402807861567e-04 1.259198470506817102e-04 1.372996775899082422e-04 1.554340706206858158e-04 1.675201347097754478e-04 1.884470984805375338e-04 2.017522929236292839e-04 2.149176725652068853e-04 2.375713229412212968e-04 2.607007336337119341e-04 2.801143273245543242e-04 3.026578342542052269e-04 3.228183486498892307e-04 3.474839031696319580e-04 3.658033092506229877e-04 3.957286244258284569e-04 4.139775992371141911e-04 4.525805125012993813e-04 4.710134817287325859e-04 5.086422897875308990e-04 5.368880229070782661e-04 5.490127950906753540e-04 5.889133899472653866e-04 6.352053605951368809e-04 6.543197669088840485e-04 7.060233037918806076e-04 7.475819438695907593e-04 7.769503863528370857e-04 8.031355682760477066e-04 8.696159347891807556e-04 9.021287551149725914e-04 9.264689870178699493e-04 9.735495550557971001e-04 1.016350346617400646e-03 1.100308843888342381e-03 1.114180195145308971e-03 1.188163994811475277e-03 1.214722055010497570e-03 1.262575155124068260e-03 1.334279775619506836e-03 1.371624181047081947e-03 1.462525920942425728e-03 1.458417391404509544e-03 1.564614474773406982e-03 1.625077566131949425e-03 1.645504613406956196e-03 1.738798106089234352e-03 1.781951868906617165e-03 1.847618492320179939e-03 1.926419441588222980e-03 1.977041130885481834e-03 2.062986139208078384e-03 2.117310184985399246e-03 2.240051515400409698e-03 2.292023738846182823e-03 2.332801464945077896e-03 2.450140658766031265e-03 2.535409061238169670e-03 2.648094203323125839e-03 2.697662217542529106e-03 2.782335039228200912e-03 2.798919100314378738e-03 2.999718766659498215e-03 3.106010612100362778e-03 3.105856943875551224e-03 3.287130501121282578e-03 3.334107343107461929e-03 3.479002742096781731e-03 3.660604823380708694e-03 3.738593775779008865e-03 3.829340916126966476e-03 3.927295096218585968e-03 4.082736559212207794e-03 4.157143644988536835e-03
